1508239174.9872594
0.5351567268371582
1.0032598972320557
36.09725308418274
238.47279334068298
320.5045111179352
530.1948184967041
797.6219050884247
969.5940206050873
1110.2996234893799
1298.6815481185913
1350.0676431655884
1671.1734623908997
2154.441542863846
2320.963575363159
2341.6379346847534
2514.120167016983
3517.1838998794556
3556.148755311966
3616.2213757038116
3827.1035137176514
3903.1553733348846
4073.54799079895
4117.234500408173
4192.676000356674
4595.743269920349
